SHIFT-REDUCE-PARSE> (train-unlabeled-parser s 'simple-feature-extractor)
obj=0.6584723798823832d0, norm=0.25715867410598625d0
obj=0.41709933595839604d0, norm=0.10612778064158207d0
obj=0.343852679331261d0, norm=0.05847408403706919d0
obj=0.34052769671829286d0, norm=0.07727866696868631d0
obj=0.3289598994014745d0, norm=0.012229685987436999d0
obj=0.32846367412223576d0, norm=0.00889682641648153d0
obj=0.3277394394320062d0, norm=0.007998597394883901d0
obj=0.3273647836379404d0, norm=0.004023837557752637d0
obj=0.32729740510635774d0, norm=0.0014680009835772417d0
obj=0.327287617536811d0, norm=7.310598799440682d-4
obj=0.32728547044513445d0, norm=5.173370059610682d-4
obj=0.3272834403692263d0, norm=1.3802832360366882d-4
obj=0.3272832800869699d0, norm=9.76575345378684d-5
obj=0.32728320362577995d0, norm=4.320155771553863d-5
obj=0.3272831917293434d0, norm=1.7374639772461913d-5
#S(GEMMAI.MST-PARSE::UNLABELED-PARSING-MODEL
   :FEATURE-EXTRACTOR SIMPLE-FEATURE-EXTRACTOR
   :STRING-INDEXER #<HASH-TABLE :TEST EQUAL :COUNT 399 {1006F52EF3}>
   :WEIGHT #(-0.19684015684092265d0 -0.19684015684092265d0
             -0.08283102635175554d0 -0.34899969015467164d0
             -0.2247324684453192d0 -0.2247324684453192d0 -0.09899395902498442d0
             -0.09899395902498442d0 0.4215726252862418d0 0.4215726252862418d0
             0.18182498537673997d0 0.43958466013790193d0 0.1385501540791403d0
             -0.17697386057160186d0 0.2479519607001985d0 0.2479519607001985d0
             -0.2907528480515474d0 -0.2907528480515474d0 -0.29367417506957105d0
             -0.18615806255869252d0 -0.607236522855549d0 -0.607236522855549d0
             0.2907528480515469d0 0.2907528480515469d0 0.15512402099043082d0
             0.3631319231302946d0 0.3592845621553505d0 0.3592845621553505d0
             0.22902549303201702d0 0.4011842869636746d0 -0.1514664568633465d0
             -0.291296885726562d0 -0.07755903616867053d0 0.015851108183222117d0
             -0.21379638255693448d0 -0.17999535780045656d0
             -0.12001439257779134d0 -0.44353737413690786d0
             -0.22976881220345743d0 -0.22976881220345743d0
             0.035814425399241734d0 -0.2115238767527026d0
             -0.018608248571629772d0 -0.21276161623726333d0
             0.016708043283993702d0 0.016708043283993702d0
             0.17798195715769266d0 0.3915192345531595d0 0.13862264114942108d0
             0.656298990374171d0 0.21306076891946377d0 0.21306076891946377d0
             0.13862264114942108d0 0.008408989041754338d0
             -0.020815462122392464d0 -0.1178071790270286d0
             -0.11097893445944167d0 -0.25614401018423993d0
             -0.36366955364646275d0 -0.11097893445944167d0
             -0.4070583685065062d0 0.03707746241785543d0 -0.2131075964755119d0
             0.06418983537812996d0 0.03707746241785543d0 -0.03940209973739483d0
             0.07390147204158623d0 0.4692516066597518d0 0.2994797182683329d0
             0.07390147204158623d0 0.4464604682439011d0 0.28312817515365524d0
             -0.07493259679068241d0 -0.20819557836297292d0
             -0.19572718276931833d0 -0.09378198997914314d0
             -0.1526977013815538d0 -0.39285462302062407d0
             -0.11063319684047605d0 0.05442267397087154d0
             -0.00831747520381968d0 0.004323011147258197d0
             0.30636037960979445d0 0.03935931600827153d0 0.16101517658537365d0
             0.3885316118733664d0 0.03935931600827153d0 0.8769504952484053d0
             -0.012027210977936235d0 -0.22875109627977933d0
             -0.027332105030335372d0 -0.6481993989686259d0
             -0.1451650757247982d0 -0.5503482917870448d0 -0.2076225401073906d0
             -0.1451650757247982d0 -0.2501850588933672d0 -0.06259413628005366d0
             -0.10215389796663131d0 -0.2501850588933672d0 0.3953501346181654d0
             0.6129424280670986d0 0.3097764380740219d0 0.3953501346181654d0
             -0.7237127600035201d0 -0.29550511871941626d0 -0.2507718088746615d0
             -0.46389119237041676d0 0.9744845688781811d0 0.7593963110898325d0
             0.07568744489160256d0 -0.009372618767773174d0
             -0.06631482612382933d0 0.12165586057710202d0 0.31906245128547206d0
             0.12165586057710202d0 0.06945075141745632d0 0.0850489487953026d0
             -0.058915711402410684d0 -0.40665852251150636d0
             -0.058915711402410684d0 -0.32903128690597644d0
             -0.12296133226535963d0 -0.06274014917469133d0
             0.08759607122603424d0 -0.06274014917469133d0 0.25958053548852006d0
             0.037912383470056994d0 0.22607771201117052d0
             -0.039896466017702664d0 -0.1861812459934679d0
             0.08903218405079596d0 0.08903218405079596d0 0.07100451300236148d0
             0.08903218405079596d0 0.20784323331540555d0 -0.07748292751587588d0
             -0.07748292751587588d0 -0.3167213293842022d0
             -0.07748292751587588d0 -0.3586486894901283d0
             -0.011549256534920171d0 -0.011549256534920171d0
             0.24571681638184026d0 -0.011549256534920171d0 0.1508054561747226d0
             0.20922670311206903d0 -0.055975024530806404d0
             -0.15325167858126268d0 0.2670010636015228d0 0.2670010636015228d0
             0.2670010636015228d0 0.19543521499876085d0 -0.10194519279017515d0
             -0.10194519279017515d0 -0.10194519279017515d0
             -0.23355388717746722d0 -0.16505587081134762d0
             -0.16505587081134762d0 -0.16505587081134762d0
             0.03811867217870634d0 -0.17624630271848474d0
             -0.11741945271489027d0 0.29366575543337486d0 0.2176085131462557d0
             -0.03448435775902025d0 -0.1831241553872355d0 -0.0855736965441436d0
             -0.0855736965441436d0 -0.0855736965441436d0 -0.06245746438259239d0
             -0.06245746438259239d0 -0.06245746438259239d0 0.148031160926736d0
             0.148031160926736d0 0.148031160926736d0 0.13955084491594472d0
             -0.0339021052947839d0 -0.10564873962116086d0
             -0.036606911781799395d0 -0.036606911781799395d0
             -0.036606911781799395d0 -0.06404562086294895d0
             -0.06404562086294895d0 -0.06404562086294895d0
             0.10065253264474834d0 0.10065253264474834d0 0.10065253264474834d0
             0.15748305920496194d0 -0.03645099403426161d0
             -0.12103206517070032d0 -0.13945772558363578d0
             -0.13945772558363578d0 -0.13945772558363578d0 -0.024120306100666d0
             -0.024120306100666d0 -0.024120306100666d0 0.16357803168430185d0
             0.16357803168430185d0 0.16357803168430185d0 0.05965687125509359d0
             0.05965687125509359d0 0.05965687125509359d0 -0.04660703678842589d0
             -0.04660703678842589d0 -0.04660703678842589d0
             -0.013049834466667729d0 -0.013049834466667729d0
             -0.013049834466667729d0 0.13896431984029d0 -0.032190904943191774d0
             -0.10677341489709825d0 0.07560900388592477d0 0.07560900388592477d0
             0.07560900388592477d0 -0.05406059869064467d0
             -0.05406059869064467d0 -0.05406059869064467d0
             -0.021548405195280174d0 -0.021548405195280174d0
             -0.021548405195280174d0 0.20344788123297403d0
             0.20344788123297403d0 -0.03992350436869771d0
             -0.03992350436869771d0 -0.16352437686427632d0
             -0.16352437686427632d0 -0.03852042635200928d0
             -0.03852042635200928d0 -0.03852042635200928d0
             -0.03852042635200928d0 -0.024186838268308017d0
             -0.024186838268308017d0 -0.024186838268308017d0
             -0.024186838268308017d0 0.06270726462031724d0
             0.06270726462031724d0 0.06270726462031724d0 0.06270726462031724d0
             -0.17966379594365897d0 -0.09636224592534091d0
             -0.09636224592534091d0 -0.09636224592534091d0
             -0.026154626657634246d0 -0.003043873343069133d0
             -0.003043873343069133d0 -0.003043873343069133d0
             0.20581842260129313d0 0.09940611926840995d0 0.09940611926840995d0
             0.09940611926840995d0 0.09940611926840995d0 -0.02723764221806596d0
             -0.072168477050344d0 -0.05891498258109467d0 -0.10205985637975581d0
             -0.05891498258109467d0 -0.05891498258109467d0
             0.058914982581094656d0 0.10205985637975584d0
             0.058914982581094656d0 0.058914982581094656d0
             -0.1140091304891671d0 -0.12573850942033474d0
             -0.12573850942033474d0 0.23974763990950182d0 0.10940180662105832d0
             -0.31356234778597797d0 0.2041605411649197d0 0.2041605411649197d0
             -0.15908520362036868d0 -0.04507533754455098d0
             -0.1097544196256661d0 -0.1097544196256661d0 0.03531629185562352d0
             0.03531629185562352d0 0.07443812777004263d0 0.07443812777004263d0
             0.07443812777004263d0 -0.02378699943785475d0
             -0.05065112833218784d0 -0.14182450809325417d0
             -0.14182450809325417d0 -0.14182450809325417d0
             -0.23325318198774886d0 -0.23325318198774886d0
             -0.23325318198774886d0 0.37507769008100295d0 0.37507769008100295d0
             0.37507769008100295d0 -0.3343741932725865d0 -0.08626799806015498d0
             0.4206421913327416d0 0.019982553962073286d0
             -0.004882404616221764d0 -0.015100149345851542d0
             -0.040296131811977304d0 -0.040296131811977304d0
             -0.040296131811977304d0 -0.09189984432784784d0
             -0.09189984432784784d0 -0.09189984432784784d0 0.1321959761398252d0
             0.1321959761398252d0 0.1321959761398252d0 0.25726666066400655d0
             0.25726666066400655d0 -0.05500882860675384d0
             -0.05500882860675384d0 -0.20225783205725276d0
             -0.20225783205725276d0 -0.11586094514481872d0
             -0.11586094514481872d0 -0.11586094514481872d0
             -0.11586094514481872d0 -0.04099100677117982d0
             -0.04099100677117982d0 -0.04099100677117982d0
             -0.04099100677117982d0 0.15685195191599854d0 0.15685195191599854d0
             0.15685195191599854d0 0.15685195191599854d0 0.05966830232823499d0
             0.05966830232823499d0 0.05966830232823499d0 0.05966830232823499d0
             -0.09479066056563439d0 -0.09479066056563439d0
             -0.09479066056563439d0 -0.09479066056563439d0
             0.03512235823739936d0 0.03512235823739936d0 0.03512235823739936d0
             0.03512235823739936d0 0.2069930186994119d0 0.2069930186994119d0
             -0.0660810584579468d0 -0.0660810584579468d0 -0.14091196024146518d0
             -0.14091196024146518d0 0.10323934313547552d0 0.10323934313547552d0
             0.10323934313547552d0 0.10323934313547552d0 0.10323934313547552d0
             -0.08791648348671922d0 -0.08791648348671922d0
             -0.08791648348671922d0 -0.08791648348671922d0
             -0.08791648348671922d0 -0.015322859648756251d0
             -0.015322859648756251d0 -0.015322859648756251d0
             -0.015322859648756251d0 -0.015322859648756251d0
             0.31115798596473093d0 -0.051842954254071545d0
             -0.25931503171065934d0 0.017504993396126788d0
             0.017504993396126788d0 0.017504993396126788d0
             0.017504993396126788d0 -0.05901451399441842d0
             -0.05901451399441842d0 -0.05901451399441842d0
             -0.05901451399441842d0 0.04150952059829163d0 0.04150952059829163d0
             0.04150952059829163d0 0.04150952059829163d0 0.12133640490760118d0
             -0.03765957603372202d0 -0.08367682887387919d0
             -0.05702976315255967d0 -0.05702976315255967d0
             -0.05702976315255967d0 -0.05702976315255967d0
             -0.019072325934976948d0 -0.019072325934976948d0
             -0.019072325934976948d0 -0.019072325934976948d0
             0.0761020890875366d0 0.0761020890875366d0 0.0761020890875366d0
             0.0761020890875366d0 -0.08330155001831806d0 -0.08330155001831806d0
             -0.02311075331456515d0 -0.02311075331456515d0
             0.10641230333288319d0 0.10641230333288319d0 0.10641230333288319d0
             -0.025495663339963108d0 -0.08091663999292002d0
             -0.04314487379866114d0 -0.04314487379866114d0
             0.04314487379866115d0 0.04314487379866115d0)
   :LEFT-TO-RIGHT-P NIL)
