1,0
1595,2
3,3
2,4
2,5
1,6
1,7
121,8
4592,9
2,10
1944,11
2,12
215,13
5511,14
3872,15
1,16
4418,17
1,18
2,19
20,20
36,21
20,22
1892,23
72,24
4230,25
4379,26
149,27
7,28
6059,29
63,30
739,31
6,32
3,33
2,34
3225,35
1,36
445,37
600,38
71,39
4,40
3,41
4,42
5,43
237,44
236,45
237,46
3,47
9,48
6,49
698,50
1,51
1,52
20,53
244,54
3621,55
1,56
7,57
1,58
2,59
1,60
1,61
1,62
3,63
2,64
50,65
2,66
281,67
6,68
9,69
2798,70
1,71
7,72
834,73
9,74
5,75
3,76
779,77
16,78
7,79
5,80
6,81
11,82
3,83
3,84
2,85
3,86
113,87
148,88
5,89
113,90
110,91
111,92
737,93
176,94
17,95
47,96
905,97
3517,98
5714,99
4658,100
857,101
999,102
40,103
1921,104
124,105
69,106
188,107
1,108
32,109
3115,110
113,111
30,112
3,113
3,114
4,115
18,116
1244,117
156,118
143,119
2314,120
2475,121
38,122
865,123
33,124
1,125
1,126
106,127
13,128
7,129
57,130
107,131
576,132
1,133
1,134
7,135
108,136
55,137
10,138
21,139
177,140
506,141
7,142
8,143
4,144
370,145
107,146
2,147
11,148
1,149
3,150
6,151
3651,152
5,153
4,154
215,155
29,156
10,157
5,158
2,159
4,160
21,161
17,162
6,163
2,164
2,165
11,166
805,167
21,168
70,169
12,170
36,171
653,172
33,173
1,174
91,175
25,176
24,177
240,178
4,179
54,180
6,181
3,182
20,183
171,184
63,185
22,186
135,187
604,188
35,189
585,190
10,191
11,192
34,193
2,194
4,195
2,196
19,197
6,198
173,199
347,200
8,201
9,202
21,203
18,204
35,205
41,206
6,207
6,208
12,209
7,210
5,211
7,212
157,213
51,214
324,215
20,216
5,217
74,218
5,219
14,220
43,221
188,222
577,223
17,224
1087,225
46,226
42,227
23,228
268,229
19,230
21,231
50,232
31,233
8,234
226,235
9,236
279,237
406,238
38,239
4,240
11,241
15,242
15,243
2,244
23,245
132,246
432,247
210,248
14,249
10,250
20,251
10,252
9,253
1,254
26,255
1,256
1,257
25,258
2,259
1,260
31,261
24,262
68,263
1,264
18,265
7,266
384,267
4,268
4,269
3,270
1,271
18,272
2,273
1,274
6,275
1545,276
10,277
1,278
1,279
9,280
1,281
1,282
2,283
3,284
3,285
2,286
406,287
34,288
1,289
1,290
45,291
8,292
101,293
67,294
7,295
3,296
44,297
2,298
49,299
4,300
3,301
1,302
4,303
3,304
21,305
522,306
7,307
8,308
4,309
4,310
17,311
4,312
3,313
1,314
2,315
12,316
2,317
1,318
1,319
1,320
1,321
104,322
17,323
9,324
2,325
3,326
12,327
245,328
3,329
105,330
5,331
2,332
14,333
294,334
6,335
79,336
5,337
46,338
29,339
149,340
1,341
1,342
21,343
74,344
2,345
122,346
130,347
9,348
9,349
11,350
3,351
1,352
12,353
1761,354
33,355
132,356
1,357
128,358
73,359
1,360
4,361
1,362
8,363
1,364
122,365
8,366
4,367
23,368
22,369
26,370
21,371
1,372
1,373
3,374
2,375
2,376
14,377
5,378
3,379
16,380
28,381
2,382
44,383
55,384
1,385
27,386
1,387
1,388
34,389
4,390
49,391
6,392
3,393
2,394
2,395
5,396
2,397
88,398
10,399
10,400
18,401
45,402
1,403
2,404
24,405
25,406
42,407
13,408
15,409
1,410
70,411
49,412
4,413
3,414
513,415
1,416
6,417
4,418
24,419
28,420
1,421
13,422
1,423
1,424
1,425
46,426
1,427
1,428
14,429
29,430
26,431
6,432
7,433
7,434
4,435
40,436
3,437
4,438
14,439
223,440
17,441
13,442
3,443
35,444
204,445
13,446
2,447
4,448
12,449
10,450
115,451
25,452
6,453
6,454
1,455
11,456
14,457
13,458
35,459
1,460
81,461
2,462
4,463
1,464
1,465
1,466
3,467
10,468
15,469
11,470
1,471
11,472
1,473
24,474
14,475
30,476
3,477
1,478
12,479
4,480
2,481
11,482
2,483
4,484
1,485
9,486
13,487
588,488
125,489
52,490
3,491
30,492
92,493
28,494
3,495
2,496
2,497
2,498
12,499
16,500
53,501
11,502
166,503
1,504
3,505
179,506
1,507
96,508
61,509
35,510
38,511
33,512
3,513
3,514
6,515
65,516
93,517
2,518
2,519
37,520
3,521
1,522
1,523
21,524
20,525
11,526
1,527
2,528
187,529
5,530
1,531
1,532
1,533
1,534
1,535
1,536
9,537
20,538
4,539
11,540
2,541
1,542
2,543
13,544
1,545
1,546
6,547
9,548
110,549
1,550
1,551
34,552
1,553
4,554
2,555
7,556
1,557
5,558
6,559
1,560
75,561
114,562
13,563
3,564
6,565
5,566
11,567
8,568
97,569
12,570
264,571
8,572
2,573
14,574
3,575
2,576
3,577
44,578
163,579
8,580
8,581
16,582
2,583
3,584
1,585
3,586
9,587
52,588
5,589
6,590
5,591
21,592
129,593
6,594
1,595
3,596
3,597
2,598
5,599
5,600
23,601
2,602
1,603
1,604
2,605
1,606
1,607
1,608
2,609
1,610
5,611
5,612
12,613
65,614
1,615
71,616
2,617
5,618
2,619
4,620
1,621
6,622
2,623
4,624
16,625
3,626
87,627
104,628
88,629
78,630
13,631
7,632
5,633
6,634
1,635
155,636
133,637
242,638
212,639
109,640
30,641
6,642
14,643
7,644
3,645
3,646
43,647
1,648
1,649
29,650
10,651
4,652
6,653
1,654
22,655
1,656
29,657
5,658
3,659
4,660
45,661
2,662
4,663
3,664
1,665
1,666
87,667
4,668
22,669
2,670
2,671
15,672
18,673
1,674
1,675
1,676
1,677
24,678
26,679
1,680
1,681
12,682
13,683
16,684
5,685
1,686
84,687
19,688
3,689
1,690
4,691
1,692
1,693
1,694
4,695
91,696
12,697
1,698
50,699
18,700
71,701
34,702
20,703
26,704
21,705
18,706
38,707
62,708
54,709
1,710
2,711
1,712
3,713
9,714
29,715
42,716
9,717
19,718
42,719
39,720
50,721
11,722
10,723
88,724
4,725
38,726
5,727
6,728
10,729
1,730
17,731
50,732
11,733
33,734
2,735
5,736
5,737
1,738
7,739
1,740
1,741
1,742
1,743
2,744
1,745
1,746
1,747
1,748
6,749
1,750
1,751
4,752
8,753
2,754
2,755
5,756
5,757
19,758
9,759
2,760
18,761
5,762
5,763
1,764
4,765
4,766
53,767
1,768
12,769
4,770
4,771
1,772
5,773
1,774
2,775
10,776
2,777
3,778
1,779
1,780
2,781
2,782
10,783
7,784
1,785
1,786
4,787
5,788
6,789
3,790
1,791
4,792
1,793
1,794
63,795
25,796
2,797
2,798
3,799
2,800
2,801
26,802
5,803
13,804
192,805
5,806
108,807
8,808
14,809
6,810
39,811
2,812
3,813
47,814
19,815
30,816
45,817
219,818
14,819
4,820
1,821
2,822
45,823
31,824
10,825
60,826
13,827
9,828
94,829
128,830
22,831
29,832
23,833
1,834
9,835
2,836
2,837
3,838
13,839
52,840
52,841
3,842
1,843
2,844
94,845
2,846
2,847
6,848
1,849
25,850
72,851
3,852
54,853
11,854
3,855
3,856
1,857
1,858
22,859
1,860
17,861
7,862
25,863
20,864
23,865
27,866
29,867
54,868
17,869
35,870
1,871
1,872
2,873
1,874
1,875
1,876
98,877
64,878
7,879
47,880
28,881
3,882
8,883
2,884
9,885
3,886
6,887
74,888
7,889
4,890
8,891
6,892
3,893
3,894
1,895
26,896
11,897
4,898
6,899
16,900
8,901
3,902
55,903
41,904
1,905
18,906
18,907
20,908
2,909
2,910
30,911
24,912
6,913
28,914
85,915
9,916
3,917
12,918
35,919
47,920
51,921
15,922
18,923
1,924
18,925
13,926
6,927
36,928
2,929
2,930
3,931
5,932
2,933
9,934
1,935
5,936
7,937
5,938
22,939
1,940
35,941
7,942
48,943
2,944
11,945
36,946
13,947
12,948
9,949
12,950
11,951
32,952
4,953
10,954
1,955
33,956
29,957
4,958
2,959
2,960
10,961
11,962
3,963
10,964
9,965
16,966
103,967
1,968
17,969
13,970
34,971
6,972
22,973
6,974
37,975
4,976
2,977
2,978
5,979
152,980
4,981
2,982
14,983
38,984
7,985
7,986
14,987
16,988
3,989
15,990
1,991
19,992
4,993
2,994
9,995
70,996
14,997
79,998
1,999
1,1000
23,1001
2,1002
3,1003
1,1004
3,1005
24,1006
15,1007
6,1008
3,1009
18,1010
52,1011
9,1012
18,1013
17,1014
11,1015
4,1016
8,1017
1,1018
1,1019
1,1020
13,1021
400,1022
114,1023
4,1024
15,1025
6,1026
7,1027
1,1028
9,1029
1,1030
11,1031
8,1032
7,1033
2,1034
19,1035
1,1036
1,1037
16,1038
21,1039
156,1040
1,1041
25,1042
111,1043
3,1044
1,1045
3,1046
17,1047
19,1048
2,1049
1,1050
1,1051
4,1052
2,1053
38,1054
7,1055
1,1056
2,1057
2,1058
11,1059
3,1060
5,1061
3,1062
17,1063
7,1064
1,1065
1,1066
2,1067
3,1068
3,1069
1,1070
6,1071
1,1072
4,1073
12,1074
16,1075
14,1076
1,1077
3,1078
12,1079
1,1080
4,1081
39,1082
1,1083
2,1084
26,1085
23,1086
10,1087
7,1088
21,1089
17,1090
24,1091
3,1092
60,1093
39,1094
15,1095
29,1096
6,1097
104,1098
31,1099
18,1100
10,1101
82,1102
131,1103
17,1104
32,1105
187,1106
9,1107
1,1108
1,1109
73,1110
13,1111
1,1112
1,1113
1,1114
4,1115
1,1116
1,1117
1,1118
1,1119
1,1120
2,1121
1,1122
1,1123
9,1124
2,1125
15,1126
1,1127
1,1128
1,1129
1,1130
1,1131
1,1132
3,1133
3,1134
3,1135
20,1136
51,1137
1,1138
13,1139
1,1140
3,1141
1,1142
2,1143
1,1144
6,1145
6,1146
2,1147
21,1148
1,1149
1,1150
1,1151
2,1152
1,1153
1,1154
1,1155
6,1156
8,1157
1,1158
23,1159
39,1160
100,1161
22,1162
18,1163
12,1164
23,1165
3,1166
3,1167
4,1168
3,1169
19,1170
3,1171
3,1172
2,1173
7,1174
7,1175
2,1176
2,1177
1,1178
7,1179
1,1180
4,1181
1,1182
1,1183
6,1184
6,1185
10,1186
9,1187
13,1188
22,1189
24,1190
2,1191
2,1192
80,1193
1,1194
8,1195
1,1196
3,1197
2,1198
2,1199
8,1200
1,1201
10,1202
2,1203
3,1204
3,1205
7,1206
3,1207
3,1208
7,1209
3,1210
1,1211
1,1212
11,1213
8,1214
6,1215
11,1216
4,1217
3,1218
16,1219
10,1220
30,1221
3,1222
1,1223
2,1224
1,1225
2,1226
2,1227
7,1228
2,1229
2,1230
11,1231
2,1232
3,1233
19,1234
26,1235
23,1236
13,1237
80,1238
1,1239
7,1240
24,1241
1,1242
8,1243
3,1244
2,1245
19,1246
6,1247
3,1248
1,1249
4,1250
15,1251
3,1252
21,1253
21,1254
10,1255
26,1256
51,1257
1,1258
7,1259
11,1260
3,1261
1,1262
14,1263
4,1264
6,1265
1,1266
2,1267
2,1268
5,1269
1,1270
1,1271
8,1272
3,1273
7,1274
1,1275
39,1276
9,1277
6,1278
1,1279
1,1280
4,1281
1,1282
3,1283
2,1284
4,1285
18,1286
1,1287
1,1288
1,1289
5,1290
1,1291
1,1292
1,1293
6,1294
1,1295
4,1296
7,1297
3,1298
1,1299
4,1300
2,1301
1,1302
9,1303
3,1304
1,1305
1,1306
1,1307
3,1308
1,1309
24,1310
2,1311
2,1312
13,1313
1,1314
4,1315
12,1316
17,1317
3,1318
7,1319
17,1320
3,1321
23,1322
1,1323
38,1324
6,1325
15,1326
3,1327
3,1328
2,1329
9,1330
1,1331
1,1332
2,1333
2,1334
5,1335
4,1336
7,1337
5,1338
11,1339
11,1340
1,1341
20,1342
4,1343
2,1344
3,1345
16,1346
5,1347
6,1348
4,1349
37,1350
5,1351
4,1352
1,1353
1,1354
12,1355
8,1356
4,1357
2,1358
1,1359
12,1360
4,1361
1,1362
14,1363
31,1364
30,1365
9,1366
32,1367
3,1368
8,1369
2,1370
8,1371
3,1372
1,1373
10,1374
9,1375
2,1376
10,1377
1,1378
7,1379
4,1380
9,1381
4,1382
38,1383
24,1384
19,1385
31,1386
3,1387
21,1388
20,1389
1,1390
5,1391
2,1392
8,1393
17,1394
20,1395
4,1396
2,1397
3,1398
3,1399
3,1400
9,1401
2,1402
7,1403
1,1404
6,1405
19,1406
1,1407
3,1408
26,1409
2,1410
6,1411
4,1412
3,1413
7,1414
37,1415
6,1416
6,1417
24,1418
7,1419
10,1420
8,1421
15,1422
12,1423
1,1424
2,1425
36,1426
29,1427
2,1428
7,1429
31,1430
2,1431
2,1432
2,1433
32,1434
12,1435
7,1436
5,1437
7,1438
2,1439
4,1440
8,1441
19,1442
13,1443
15,1444
13,1445
24,1446
12,1447
4,1448
5,1449
9,1450
9,1451
7,1452
8,1453
4,1454
10,1455
4,1456
28,1457
2,1458
8,1459
7,1460
17,1461
2,1462
2,1463
6,1464
14,1465
7,1466
1,1467
2,1468
2,1469
21,1470
1,1471
1,1472
19,1473
11,1474
1,1475
28,1476
1,1477
41,1478
1,1479
11,1480
2,1481
5,1482
6,1483
8,1484
2,1485
1,1486
6,1487
11,1488
4,1489
3,1490
3,1491
1,1492
1,1493
8,1494
8,1495
3,1496
3,1497
3,1498
2,1499
27,1500
1,1501
3,1502
3,1503
2,1504
3,1505
26,1506
14,1507
12,1508
1,1509
2,1510
31,1511
1,1512
7,1513
4,1514
4,1515
2,1516
27,1517
49,1518
1,1519
2,1520
10,1521
1,1522
27,1523
1,1524
18,1525
4,1526
6,1527
2,1528
6,1529
3,1530
1,1531
9,1532
4,1533
3,1534
8,1535
19,1536
13,1537
2,1538
1,1539
3,1540
3,1541
3,1542
1,1543
6,1544
6,1545
18,1546
21,1547
4,1548
17,1549
2,1550
3,1551
1,1552
2,1553
1,1554
3,1555
36,1556
1,1557
1,1558
2,1559
3,1560
1,1561
1,1562
1,1563
5,1564
7,1565
1,1566
9,1567
14,1568
3,1569
6,1570
2,1571
35,1572
4,1573
2,1574
11,1575
2,1576
2,1577
2,1578
8,1579
6,1580
23,1581
5,1582
1,1583
6,1584
14,1585
3,1586
8,1587
11,1588
20,1589
20,1590
4,1591
35,1592
4,1593
16,1594
4,1595
31,1596
35,1597
24,1598
16,1599
21,1600
7,1601
5,1602
5,1603
1,1604
1,1605
19,1606
4,1607
2,1608
2,1609
5,1610
1,1611
4,1612
1,1613
2,1614
1,1615
7,1616
6,1617
13,1618
1,1619
2,1620
1,1621
1,1622
6,1623
2,1624
2,1625
2,1626
21,1627
1,1628
1,1629
3,1630
1,1631
6,1632
5,1633
4,1634
15,1635
11,1636
7,1637
8,1638
6,1639
17,1640
10,1641
36,1642
10,1643
55,1644
79,1645
5,1646
2,1647
9,1648
29,1649
1,1650
1,1651
5,1652
2,1653
2,1654
3,1655
4,1656
13,1657
11,1658
11,1659
1,1660
4,1661
28,1662
6,1663
2,1664
4,1665
1,1666
3,1667
1,1668
1,1669
7,1670
26,1671
6,1672
8,1673
10,1674
4,1675
17,1676
3,1677
3,1678
10,1679
4,1680
4,1681
6,1682
1,1683
8,1684
5,1685
7,1686
34,1687
7,1688
2,1689
8,1690
18,1691
25,1692
9,1693
1,1694
30,1695
1,1696
1,1697
20,1698
4,1699
10,1700
4,1701
5,1702
5,1703
23,1704
5,1705
14,1706
13,1707
4,1708
16,1709
4,1710
3,1711
3,1712
3,1713
3,1714
2,1715
1,1716
1,1717
1,1718
9,1719
13,1720
3,1721
1,1722
1,1723
2,1724
5,1725
6,1726
9,1727
3,1728
4,1729
12,1730
12,1731
3,1732
1,1733
1,1734
1,1735
2,1736
11,1737
3,1738
26,1739
13,1740
18,1741
3,1742
3,1743
1,1744
6,1745
15,1746
14,1747
1,1748
1,1749
1,1750
3,1751
3,1752
9,1753
1,1754
1,1755
3,1756
16,1757
2,1758
9,1759
1,1760
1,1761
5,1762
8,1763
9,1764
3,1765
13,1766
4,1767
4,1768
4,1769
14,1770
4,1771
18,1772
5,1773
3,1774
40,1775
7,1776
1,1777
5,1778
2,1779
6,1780
1,1781
1,1782
14,1783
26,1784
18,1785
6,1786
39,1787
12,1788
4,1789
9,1790
7,1791
10,1792
17,1793
2,1794
5,1795
15,1796
4,1797
4,1798
2,1799
10,1800
10,1801
9,1802
1,1803
7,1804
4,1805
14,1806
3,1807
11,1808
2,1809
16,1810
1,1811
1,1812
14,1813
1,1814
1,1815
5,1816
3,1817
3,1818
20,1819
1,1820
1,1821
9,1822
9,1823
1,1824
6,1825
1,1826
1,1827
1,1828
2,1829
2,1830
2,1831
2,1832
1,1833
4,1834
3,1835
17,1836
11,1837
1,1838
1,1839
4,1840
10,1841
1,1842
27,1843
4,1844
7,1845
5,1846
1,1847
1,1848
13,1849
6,1850
1,1851
29,1852
2,1853
5,1854
19,1855
4,1856
1,1857
1,1858
7,1859
4,1860
7,1861
1,1862
1,1863
1,1864
5,1865
1,1866
6,1867
4,1868
8,1869
4,1870
1,1871
1,1872
2,1873
1,1874
2,1875
1,1876
1,1877
5,1878
1,1879
1,1880
3,1881
13,1882
2,1883
1,1884
7,1885
1,1886
18,1887
5,1888
9,1889
9,1890
2,1891
2,1892
1,1893
1,1894
40,1895
4,1896
3,1897
2,1898
6,1899
2,1900
8,1901
1,1902
2,1903
1,1904
11,1905
6,1906
2,1907
3,1908
1,1909
15,1910
3,1911
4,1912
2,1913
5,1914
13,1915
5,1916
26,1917
5,1918
2,1919
1,1920
2,1921
2,1922
9,1923
2,1924
1,1925
4,1926
2,1927
1,1928
5,1929
1,1930
1,1931
2,1932
3,1933
14,1934
1,1935
3,1936
3,1937
2,1938
1,1939
1,1940
9,1941
6,1942
1,1943
2,1944
4,1945
4,1946
4,1947
5,1948
20,1949
3,1950
2,1951
4,1952
7,1953
3,1954
1,1955
1,1956
2,1957
2,1958
7,1959
4,1960
3,1961
12,1962
3,1963
7,1964
1,1965
1,1966
5,1967
12,1968
1,1969
2,1970
6,1971
1,1972
20,1973
11,1974
2,1975
22,1976
4,1977
21,1978
9,1979
10,1980
8,1981
1,1982
2,1983
2,1984
9,1985
1,1986
3,1987
2,1988
2,1989
3,1990
1,1991
1,1992
1,1993
2,1994
2,1995
5,1996
4,1997
75,1998
5,1999
5,2000
1,2001
1,2002
4,2003
1,2004
3,2005
4,2006
4,2007
5,2008
5,2009
5,2010
2,2011
5,2012
19,2013
2,2014
15,2015
9,2016
1,2017
4,2018
5,2019
3,2020
3,2021
6,2022
5,2023
7,2024
5,2025
12,2026
1,2027
8,2028
3,2029
6,2030
9,2031
4,2032
19,2033
1,2034
1,2035
3,2036
25,2037
1,2038
3,2039
8,2040
5,2041
1,2042
14,2043
51,2044
32,2045
7,2046
9,2047
34,2048
5,2049
3,2050
1,2051
1,2052
1,2053
1,2054
1,2055
1,2056
11,2057
8,2058
9,2059
1,2060
1,2061
3,2062
2,2063
1,2064
1,2065
1,2066
1,2067
3,2068
1,2069
1,2070
1,2071
1,2072
4,2073
4,2074
1,2075
2,2076
4,2077
2,2078
1,2079
2,2080
19,2081
1,2082
1,2083
10,2084
6,2085
11,2086
6,2087
2,2088
9,2089
1,2090
1,2091
5,2092
3,2093
1,2094
3,2095
2,2096
2,2097
4,2098
1,2099
2,2100
1,2101
2,2102
9,2103
9,2104
6,2105
1,2106
6,2107
1,2108
1,2109
3,2110
1,2111
1,2112
2,2113
7,2114
3,2115
11,2116
3,2117
10,2118
3,2119
1,2120
4,2121
2,2122
1,2123
4,2124
2,2125
1,2126
7,2127
5,2128
2,2129
2,2130
4,2131
3,2132
3,2133
8,2134
2,2135
10,2136
1,2137
1,2138
1,2139
1,2140
1,2141
1,2142
12,2143
3,2144
3,2145
3,2146
1,2147
15,2148
5,2149
3,2150
7,2151
2,2152
3,2153
1,2154
7,2155
5,2156
6,2157
7,2158
2,2159
1,2160
16,2161
6,2162
1,2163
1,2164
3,2165
2,2166
1,2167
2,2168
1,2169
1,2170
2,2171
3,2172
5,2173
1,2174
3,2175
7,2176
4,2177
3,2178
6,2179
1,2180
1,2181
7,2182
6,2183
6,2184
2,2185
7,2186
2,2187
5,2188
1,2189
3,2190
8,2191
3,2192
3,2193
1,2194
3,2195
1,2196
1,2197
4,2198
2,2199
5,2200
4,2201
4,2202
6,2203
1,2204
9,2205
6,2206
1,2207
5,2208
19,2209
3,2210
10,2211
9,2212
10,2213
14,2214
11,2215
5,2216
1,2217
12,2218
2,2219
3,2220
3,2221
9,2222
11,2223
1,2224
1,2225
1,2226
1,2227
1,2228
1,2229
1,2230
35,2231
3,2232
2,2233
3,2234
4,2235
4,2236
1,2237
20,2238
10,2239
2,2240
2,2241
1,2242
5,2243
5,2244
2,2245
9,2246
5,2247
1,2248
2,2249
1,2250
4,2251
7,2252
1,2253
3,2254
8,2255
5,2256
1,2257
8,2258
3,2259
1,2260
1,2261
2,2262
8,2263
2,2264
2,2265
1,2266
3,2267
4,2268
2,2269
3,2270
2,2271
3,2272
14,2273
15,2274
1,2275
1,2276
22,2277
1,2278
23,2279
7,2280
1,2281
1,2282
3,2283
3,2284
6,2285
6,2286
12,2287
6,2288
5,2289
14,2290
5,2291
2,2292
1,2293
1,2294
2,2295
4,2296
4,2297
3,2298
1,2299
1,2300
1,2301
1,2302
4,2303
3,2304
4,2305
2,2306
9,2307
6,2308
8,2309
2,2310
8,2311
2,2312
1,2313
1,2314
1,2315
1,2316
1,2317
2,2318
7,2319
1,2320
10,2321
1,2322
19,2323
11,2324
4,2325
1,2326
34,2327
13,2328
1,2329
7,2330
8,2331
16,2332
4,2333
3,2334
8,2335
7,2336
2,2337
1,2338
1,2339
1,2340
1,2341
1,2342
1,2343
3,2344
8,2345
3,2346
1,2347
3,2348
8,2349
4,2350
2,2351
1,2352
13,2353
13,2354
1,2355
2,2356
2,2357
2,2358
7,2359
1,2360
1,2361
5,2362
1,2363
4,2364
3,2365
4,2366
8,2367
2,2368
1,2369
1,2370
10,2371
2,2372
4,2373
4,2374
2,2375
5,2376
2,2377
5,2378
2,2379
7,2380
1,2381
2,2382
6,2383
2,2384
2,2385
1,2386
5,2387
2,2388
2,2389
8,2390
1,2391
3,2392
3,2393
10,2394
1,2395
1,2396
58,2397
2,2398
2,2399
6,2400
1,2401
1,2402
3,2403
2,2404
1,2405
10,2406
3,2407
5,2408
2,2409
12,2410
9,2411
6,2412
3,2413
2,2414
1,2415
5,2416
2,2417
1,2418
4,2419
1,2420
1,2421
2,2422
3,2423
3,2424
1,2425
2,2426
8,2427
7,2428
3,2429
1,2430
5,2431
1,2432
6,2433
2,2434
2,2435
13,2436
6,2437
2,2438
1,2439
1,2440
4,2441
11,2442
1,2443
4,2444
2,2445
5,2446
1,2447
4,2448
1,2449
1,2450
1,2451
1,2452
3,2453
2,2454
3,2455
1,2456
6,2457
1,2458
1,2459
10,2460
5,2461
5,2462
5,2463
6,2464
1,2465
4,2466
3,2467
3,2468
1,2469
1,2470
1,2471
3,2472
10,2473
1,2474
1,2475
1,2476
8,2477
1,2478
5,2479
2,2480
3,2481
1,2482
4,2483
4,2484
23,2485
1,2486
3,2487
1,2488
1,2489
1,2490
1,2491
2,2492
8,2493
8,2494
1,2495
10,2496
4,2497
1,2498
2,2499
5,2500
1,2501
1,2502
1,2503
1,2504
1,2505
1,2506
2,2507
1,2508
7,2509
21,2510
2,2511
2,2512
1,2513
1,2514
1,2515
1,2516
2,2517
1,2518
1,2519
3,2520
4,2521
4,2522
1,2523
3,2524
10,2525
11,2526
1,2527
1,2528
8,2529
9,2530
1,2531
74,2532
270,2533
13,2534
16,2535
5,2536
3,2537
2,2538
1,2539
1,2540
8,2541
3,2542
6,2543
4,2544
1,2545
3,2546
1,2547
4,2548
3,2549
6,2550
2,2551
2,2552
1,2553
3,2554
2,2555
2,2556
2,2557
1,2558
2,2559
1,2560
1,2561
2,2562
3,2563
1,2564
35,2565
4,2566
5,2567
4,2568
1,2569
2,2570
10,2571
10,2572
13,2573
2,2574
2,2575
1,2576
22,2577
1,2578
13,2579
6,2580
3,2581
3,2582
6,2583
3,2584
1,2585
9,2586
1,2587
7,2588
4,2589
2,2590
2,2591
2,2592
4,2593
1,2594
1,2595
1,2596
1,2597
1,2598
3,2599
45,2600
1,2601
40,2602
6,2603
1,2604
1,2605
4,2606
2,2607
1,2608
1,2609
3,2610
3,2611
1,2612
2,2613
1,2614
1,2615
9,2616
12,2617
2,2618
1,2619
2,2620
1,2621
3,2622
1,2623
1,2624
1,2625
1,2626
2,2627
3,2628
9,2629
2,2630
2,2631
2,2632
2,2633
9,2634
8,2635
1,2636
23,2637
14,2638
2,2639
2,2640
12,2641
7,2642
1,2643
1,2644
1,2645
1,2646
4,2647
2,2648
25,2649
2,2650
1,2651
5,2652
62,2653
3,2654
7,2655
8,2656
3,2657
5,2658
17,2659
6,2660
3,2661
15,2662
1,2663
7,2664
1,2665
6,2666
1,2667
2,2668
4,2669
17,2670
1,2671
6,2672
7,2673
3,2674
9,2675
1,2676
1,2677
1,2678
1,2679
1,2680
3,2681
1,2682
6,2683
1,2684
8,2685
14,2686
4,2687
1,2688
2,2689
3,2690
6,2691
1,2692
1,2693
1,2694
8,2695
6,2696
1,2697
5,2698
3,2699
11,2700
10,2701
11,2702
1,2703
5,2704
2,2705
3,2706
8,2707
4,2708
3,2709
1,2710
18,2711
2,2712
3,2713
9,2714
1,2715
3,2716
14,2717
1,2718
11,2719
1,2720
2,2721
1,2722
5,2723
4,2724
4,2725
1,2726
4,2727
2,2728
5,2729
3,2730
3,2731
1,2732
5,2733
4,2734
1,2735
1,2736
1,2737
1,2738
1,2739
1,2740
5,2741
1,2742
2,2743
2,2744
1,2745
1,2746
3,2747
1,2748
1,2749
1,2750
1,2751
1,2752
4,2753
13,2754
3,2755
2,2756
1,2757
1,2758
2,2759
2,2760
2,2761
3,2762
4,2763
1,2764
1,2765
4,2766
1,2767
2,2768
1,2769
9,2770
1,2771
2,2772
2,2773
6,2774
4,2775
2,2776
3,2777
1,2778
8,2779
9,2780
1,2781
3,2782
2,2783
1,2784
5,2785
1,2786
2,2787
2,2788
4,2789
4,2790
1,2791
6,2792
3,2793
4,2794
7,2795
2,2796
2,2797
8,2798
2,2799
3,2800
1,2801
1,2802
6,2803
8,2804
3,2805
3,2806
3,2807
2,2808
5,2809
1,2810
1,2811
1,2812
2,2813
1,2814
2,2815
3,2816
5,2817
1,2818
2,2819
1,2820
25,2821
2,2822
8,2823
1,2824
1,2825
1,2826
1,2827
1,2828
6,2829
1,2830
1,2831
1,2832
6,2833
1,2834
1,2835
2,2836
17,2837
9,2838
3,2839
1,2840
1,2841
2,2842
2,2843
1,2844
3,2845
3,2846
2,2847
1,2848
1,2849
1,2850
1,2851
10,2852
7,2853
5,2854
1,2855
3,2856
3,2857
11,2858
3,2859
3,2860
4,2861
1,2862
1,2863
19,2864
9,2865
4,2866
7,2867
1,2868
8,2869
2,2870
2,2871
6,2872
2,2873
3,2874
2,2875
3,2876
3,2877
1,2878
1,2879
8,2880
4,2881
1,2882
3,2883
7,2884
2,2885
2,2886
2,2887
3,2888
1,2889
1,2890
5,2891
10,2892
1,2893
3,2894
1,2895
1,2896
10,2897
9,2898
2,2899
29,2900
1,2901
1,2902
3,2903
3,2904
1,2905
2,2906
4,2907
6,2908
3,2909
1,2910
3,2911
1,2912
1,2913
1,2914
1,2915
3,2916
1,2917
2,2918
1,2919
2,2920
4,2921
9,2922
2,2923
1,2924
1,2925
3,2926
3,2927
7,2928
1,2929
1,2930
6,2931
3,2932
11,2933
2,2934
1,2935
9,2936
1,2937
1,2938
1,2939
8,2940
2,2941
2,2942
8,2943
4,2944
1,2945
14,2946
2,2947
1,2948
8,2949
1,2950
1,2951
2,2952
2,2953
18,2954
4,2955
10,2956
1,2957
34,2958
1,2959
1,2960
1,2961
3,2962
1,2963
2,2964
1,2965
1,2966
1,2967
1,2968
1,2969
1,2970
7,2971
1,2972
1,2973
3,2974
1,2975
1,2976
2,2977
2,2978
1,2979
2,2980
1,2981
1,2982
1,2983
2,2984
2,2985
7,2986
7,2987
1,2988
2,2989
1,2990
1,2991
4,2992
7,2993
4,2994
1,2995
2,2996
14,2997
4,2998
3,2999
1,3000
1,3001
1,3002
5,3003
2,3004
1,3005
1,3006
1,3007
6,3008
1,3009
2,3010
1,3011
2,3012
3,3013
3,3014
4,3015
1,3016
1,3017
1,3018
1,3019
2,3020
4,3021
1,3022
1,3023
1,3024
1,3025
1,3026
1,3027
1,3028
1,3029
4,3030
1,3031
10,3032
17,3033
1,3034
2,3035
2,3036
1,3037
1,3038
1,3039
1,3040
2,3041
1,3042
1,3043
2,3044
1,3045
1,3046
1,3047
1,3048
1,3049
4,3050
1,3051
12,3052
5,3053
1,3054
1,3055
2,3056
1,3057
1,3058
3,3059
1,3060
1,3061
1,3062
5,3063
6,3064
2,3065
2,3066
1,3067
2,3068
1,3069
8,3070
2,3071
1,3072
5,3073
1,3074
1,3075
1,3076
3,3077
1,3078
2,3079
4,3080
11,3081
1,3082
1,3083
1,3084
1,3085
5,3086
7,3087
4,3088
1,3089
1,3090
2,3091
1,3092
1,3093
1,3094
3,3095
3,3096
4,3097
1,3098
1,3099
1,3100
1,3101
2,3102
1,3103
2,3104
2,3105
1,3106
2,3107
1,3108
4,3109
2,3110
1,3111
4,3112
1,3113
9,3114
2,3115
1,3116
6,3117
1,3118
3,3119
4,3120
2,3121
1,3122
2,3123
3,3124
3,3125
1,3126
1,3127
1,3128
2,3129
2,3130
28,3131
4,3132
1,3133
2,3134
1,3135
5,3136
9,3137
1,3138
8,3139
1,3140
7,3141
2,3142
4,3143
27,3144
1,3145
5,3146
3,3147
1,3148
5,3149
1,3150
2,3151
3,3152
1,3153
2,3154
2,3155
1,3156
3,3157
3,3158
2,3159
2,3160
4,3161
2,3162
1,3163
1,3164
4,3165
1,3166
1,3167
3,3168
2,3169
2,3170
1,3171
2,3172
6,3173
1,3174
1,3175
1,3176
1,3177
1,3178
1,3179
2,3180
19,3181
7,3182
1,3183
1,3184
2,3185
2,3186
4,3187
4,3188
7,3189
5,3190
3,3191
1,3192
1,3193
1,3194
1,3195
1,3196
4,3197
1,3198
72,3199
21,3200
8,3201
6,3202
4,3203
4,3204
3,3205
5,3206
7,3207
7,3208
5,3209
1,3210
9,3211
4,3212
7,3213
4,3214
7,3215
2,3216
2,3217
10,3218
1,3219
1,3220
2,3221
3,3222
1,3223
1,3224
1,3225
5,3226
1,3227
2,3228
6,3229
3,3230
1,3231
1,3232
2,3233
2,3234
1,3235
2,3236
2,3237
3,3238
5,3239
4,3240
2,3241
2,3242
1,3243
1,3244
1,3245
1,3246
3,3247
1,3248
1,3249
2,3250
2,3251
6,3252
4,3253
3,3254
2,3255
1,3256
1,3257
3,3258
2,3259
2,3260
1,3261
2,3262
4,3263
2,3264
1,3265
1,3266
1,3267
2,3268
1,3269
1,3270
3,3271
1,3272
1,3273
1,3274
1,3275
2,3276
1,3277
1,3278
1,3279
2,3280
1,3281
2,3282
8,3283
2,3284
1,3285
2,3286
4,3287
4,3288
7,3289
3,3290
1,3291
7,3292
1,3293
2,3294
1,3295
1,3296
1,3297
1,3298
1,3299
1,3300
2,3301
1,3302
12,3303
5,3304
7,3305
1,3306
3,3307
2,3308
1,3309
3,3310
4,3311
2,3312
1,3313
1,3314
37,3315
3,3316
3,3317
2,3318
2,3319
1,3320
2,3321
2,3322
1,3323
1,3324
1,3325
3,3326
2,3327
2,3328
2,3329
1,3330
12,3331
4,3332
1,3333
1,3334
2,3335
1,3336
1,3337
1,3338
1,3339
1,3340
3,3341
2,3342
5,3343
5,3344
1,3345
7,3346
1,3347
1,3348
1,3349
1,3350
1,3351
1,3352
1,3353
1,3354
1,3355
1,3356
2,3357
1,3358
1,3359
1,3360
4,3361
3,3362
1,3363
1,3364
1,3365
1,3366
1,3367
2,3368
2,3369
6,3370
1,3371
1,3372
3,3373
1,3374
1,3375
1,3376
3,3377
5,3378
1,3379
1,3380
3,3381
2,3382
1,3383
1,3384
3,3385
4,3386
1,3387
1,3388
1,3389
1,3390
2,3391
8,3392
1,3393
1,3394
4,3395
4,3396
1,3397
5,3398
7,3399
2,3400
5,3401
1,3402
34,3403
1,3404
1,3405
6,3406
4,3407
1,3408
3,3409
2,3410
4,3411
1,3412
1,3413
1,3414
1,3415
2,3416
2,3417
1,3418
2,3419
1,3420
1,3421
9,3422
2,3423
3,3424
1,3425
4,3426
3,3427
3,3428
1,3429
1,3430
3,3431
1,3432
1,3433
7,3434
2,3435
1,3436
1,3437
5,3438
1,3439
1,3440
1,3441
9,3442
7,3443
1,3444
1,3445
4,3446
2,3447
12,3448
1,3449
1,3450
1,3451
1,3452
3,3453
1,3454
2,3455
2,3456
3,3457
1,3458
2,3459
3,3460
2,3461
2,3462
12,3463
10,3464
3,3465
2,3466
1,3467
1,3468
1,3469
1,3470
1,3471
2,3472
2,3473
3,3474
2,3475
1,3476
6,3477
1,3478
1,3479
1,3480
1,3481
2,3482
1,3483
1,3484
3,3485
1,3486
1,3487
1,3488
1,3489
3,3490
3,3491
1,3492
3,3493
3,3494
1,3495
1,3496
4,3497
4,3498
1,3499
3,3500
1,3501
3,3502
3,3503
2,3504
7,3505
4,3506
2,3507
3,3508
3,3509
1,3510
1,3511
1,3512
1,3513
5,3514
1,3515
1,3516
3,3517
3,3518
3,3519
21,3520
1,3521
1,3522
1,3523
3,3524
4,3525
1,3526
1,3527
1,3528
3,3529
6,3530
1,3531
1,3532
1,3533
1,3534
1,3535
2,3536
1,3537
1,3538
4,3539
2,3540
3,3541
3,3542
3,3543
2,3544
1,3545
3,3546
4,3547
1,3548
4,3549
1,3550
1,3551
9,3552
2,3553
3,3554
1,3555
1,3556
5,3557
1,3558
1,3559
2,3560
3,3561
1,3562
1,3563
9,3564
2,3565
3,3566
3,3567
1,3568
4,3569
7,3570
1,3571
1,3572
1,3573
1,3574
1,3575
7,3576
4,3577
4,3578
1,3579
10,3580
1,3581
4,3582
1,3583
3,3584
1,3585
1,3586
14,3587
4,3588
4,3589
2,3590
2,3591
1,3592
1,3593
1,3594
1,3595
1,3596
1,3597
2,3598
1,3599
6,3600
1,3601
5,3602
1,3603
15,3604
2,3605
1,3606
1,3607
4,3608
2,3609
2,3610
3,3611
7,3612
1,3613
1,3614
1,3615
1,3616
2,3617
5,3618
1,3619
5,3620
5,3621
1,3622
3,3623
3,3624
1,3625
2,3626
2,3627
3,3628
1,3629
1,3630
1,3631
1,3632
2,3633
4,3634
1,3635
1,3636
2,3637
2,3638
2,3639
6,3640
1,3641
2,3642
2,3643
3,3644
2,3645
2,3646
2,3647
1,3648
1,3649
2,3650
6,3651
6,3652
1,3653
3,3654
1,3655
2,3656
4,3657
3,3658
1,3659
1,3660
1,3661
2,3662
3,3663
2,3664
1,3665
4,3666
1,3667
1,3668
1,3669
1,3670
1,3671
2,3672
1,3673
1,3674
1,3675
1,3676
1,3677
1,3678
1,3679
2,3680
1,3681
2,3682
4,3683
3,3684
2,3685
2,3686
1,3687
5,3688
1,3689
1,3690
1,3691
1,3692
2,3693
1,3694
2,3695
1,3696
1,3697
1,3698
1,3699
1,3700
2,3701
1,3702
1,3703
22,3704
2,3705
3,3706
2,3707
1,3708
2,3709
1,3710
4,3711
2,3712
1,3713
2,3714
1,3715
1,3716
1,3717
20,3718
1,3719
1,3720
1,3721
7,3722
2,3723
3,3724
7,3725
3,3726
1,3727
1,3728
1,3729
1,3730
1,3731
2,3732
2,3733
4,3734
3,3735
3,3736
3,3737
2,3738
2,3739
2,3740
1,3741
2,3742
6,3743
1,3744
1,3745
4,3746
3,3747
2,3748
4,3749
3,3750
2,3751
4,3752
4,3753
5,3754
2,3755
1,3756
8,3757
2,3758
2,3759
1,3760
2,3761
1,3762
1,3763
5,3764
1,3765
1,3766
3,3767
3,3768
1,3769
2,3770
1,3771
1,3772
3,3773
1,3774
1,3775
1,3776
4,3777
10,3778
1,3779
5,3780
8,3781
5,3782
1,3783
1,3784
5,3785
2,3786
3,3787
1,3788
5,3789
1,3790
1,3791
1,3792
18,3793
18,3794
2,3795
6,3796
5,3797
5,3798
1,3799
1,3800
1,3801
2,3802
3,3803
4,3804
1,3805
1,3806
5,3807
1,3808
1,3809
3,3810
10,3811
2,3812
10,3813
1,3814
1,3815
1,3816
16,3817
6,3818
5,3819
6,3820
1,3821
2,3822
1,3823
4,3824
2,3825
1,3826
1,3827
10,3828
1,3829
1,3830
1,3831
1,3832
1,3833
3,3834
2,3835
5,3836
3,3837
1,3838
1,3839
3,3840
1,3841
1,3842
1,3843
2,3844
2,3845
1,3846
1,3847
3,3848
2,3849
2,3850
1,3851
13,3852
1,3853
4,3854
1,3855
1,3856
3,3857
10,3858
1,3859
7,3860
4,3861
1,3862
1,3863
6,3864
1,3865
4,3866
2,3867
1,3868
1,3869
1,3870
4,3871
4,3872
3,3873
3,3874
4,3875
1,3876
5,3877
2,3878
3,3879
8,3880
4,3881
2,3882
5,3883
5,3884
18,3885
3,3886
2,3887
2,3888
5,3889
2,3890
2,3891
1,3892
1,3893
1,3894
1,3895
4,3896
4,3897
1,3898
1,3899
1,3900
1,3901
1,3902
9,3903
1,3904
3,3905
10,3906
1,3907
1,3908
1,3909
4,3910
1,3911
1,3912
1,3913
2,3914
3,3915
2,3916
1,3917
1,3918
1,3919
3,3920
2,3921
7,3922
4,3923
3,3924
2,3925
1,3926
1,3927
1,3928
1,3929
3,3930
15,3931
1,3932
2,3933
1,3934
5,3935
10,3936
9,3937
4,3938
3,3939
2,3940
1,3941
1,3942
5,3943
4,3944
2,3945
1,3946
3,3947
1,3948
3,3949
5,3950
6,3951
1,3952
2,3953
2,3954
1,3955
2,3956
1,3957
2,3958
1,3959
5,3960
1,3961
2,3962
4,3963
3,3964
1,3965
1,3966
1,3967
2,3968
2,3969
1,3970
4,3971
1,3972
1,3973
1,3974
5,3975
1,3976
3,3977
1,3978
2,3979
3,3980
2,3981
2,3982
1,3983
1,3984
1,3985
2,3986
2,3987
1,3988
2,3989
1,3990
1,3991
1,3992
1,3993
1,3994
1,3995
2,3996
1,3997
1,3998
2,3999
3,4000
1,4001
3,4002
1,4003
1,4004
1,4005
1,4006
1,4007
1,4008
3,4009
5,4010
1,4011
1,4012
1,4013
4,4014
3,4015
1,4016
1,4017
2,4018
2,4019
1,4020
1,4021
1,4022
1,4023
1,4024
1,4025
2,4026
1,4027
1,4028
1,4029
2,4030
1,4031
4,4032
1,4033
5,4034
1,4035
1,4036
1,4037
1,4038
3,4039
17,4040
1,4041
2,4042
1,4043
1,4044
1,4045
4,4046
5,4047
2,4048
2,4049
1,4050
2,4051
1,4052
1,4053
5,4054
4,4055
2,4056
1,4057
7,4058
2,4059
2,4060
3,4061
1,4062
8,4063
6,4064
1,4065
1,4066
1,4067
3,4068
4,4069
1,4070
2,4071
4,4072
5,4073
5,4074
1,4075
1,4076
5,4077
5,4078
1,4079
1,4080
5,4081
1,4082
1,4083
1,4084
1,4085
6,4086
2,4087
1,4088
2,4089
6,4090
1,4091
1,4092
6,4093
1,4094
2,4095
2,4096
1,4097
4,4098
3,4099
1,4100
3,4101
7,4102
1,4103
7,4104
1,4105
3,4106
2,4107
3,4108
2,4109
1,4110
2,4111
1,4112
2,4113
1,4114
2,4115
1,4116
1,4117
4,4118
2,4119
2,4120
1,4121
2,4122
2,4123
3,4124
7,4125
1,4126
1,4127
3,4128
1,4129
2,4130
1,4131
2,4132
4,4133
2,4134
2,4135
1,4136
4,4137
1,4138
1,4139
2,4140
1,4141
1,4142
1,4143
1,4144
1,4145
1,4146
14,4147
11,4148
1,4149
1,4150
1,4151
2,4152
1,4153
2,4154
1,4155
1,4156
1,4157
2,4158
3,4159
4,4160
1,4161
2,4162
3,4163
8,4164
1,4165
3,4166
2,4167
2,4168
1,4169
1,4170
2,4171
1,4172
1,4173
1,4174
1,4175
1,4176
3,4177
3,4178
3,4179
3,4180
7,4181
2,4182
1,4183
6,4184
1,4185
1,4186
3,4187
7,4188
4,4189
2,4190
3,4191
2,4192
7,4193
3,4194
3,4195
1,4196
9,4197
3,4198
5,4199
1,4200
1,4201
1,4202
1,4203
1,4204
2,4205
1,4206
1,4207
1,4208
2,4209
1,4210
1,4211
1,4212
1,4213
1,4214
2,4215
6,4216
2,4217
1,4218
2,4219
1,4220
1,4221
1,4222
1,4223
2,4224
1,4225
2,4226
2,4227
4,4228
10,4229
4,4230
7,4231
1,4232
1,4233
11,4234
1,4235
1,4236
1,4237
1,4238
2,4239
7,4240
1,4241
1,4242
3,4243
1,4244
1,4245
2,4246
2,4247
2,4248
1,4249
1,4250
1,4251
4,4252
3,4253
2,4254
6,4255
7,4256
1,4257
2,4258
1,4259
2,4260
2,4261
1,4262
1,4263
1,4264
2,4265
5,4266
1,4267
1,4268
1,4269
2,4270
1,4271
6,4272
5,4273
8,4274
5,4275
1,4276
6,4277
1,4278
2,4279
2,4280
1,4281
1,4282
1,4283
1,4284
2,4285
1,4286
4,4287
1,4288
2,4289
2,4290
1,4291
2,4292
4,4293
6,4294
1,4295
1,4296
1,4297
2,4298
1,4299
2,4300
1,4301
1,4302
1,4303
1,4304
1,4305
3,4306
3,4307
3,4308
1,4309
1,4310
1,4311
9,4312
1,4313
5,4314
1,4315
2,4316
1,4317
6,4318
3,4319
1,4320
1,4321
2,4322
7,4323
1,4324
1,4325
2,4326
4,4327
2,4328
3,4329
1,4330
2,4331
1,4332
1,4333
1,4334
1,4335
1,4336
2,4337
2,4338
3,4339
1,4340
3,4341
3,4342
1,4343
1,4344
2,4345
2,4346
1,4347
3,4348
2,4349
2,4350
1,4351
1,4352
1,4353
1,4354
3,4355
7,4356
2,4357
1,4358
1,4359
1,4360
1,4361
1,4362
1,4363
1,4364
3,4365
4,4366
2,4367
2,4368
4,4369
1,4370
1,4371
1,4372
2,4373
3,4374
3,4375
2,4376
1,4377
1,4378
3,4379
2,4380
1,4381
1,4382
4,4383
1,4384
1,4385
1,4386
2,4387
1,4388
1,4389
2,4390
1,4391
3,4392
1,4393
1,4394
2,4395
1,4396
1,4397
1,4398
3,4399
2,4400
1,4401
2,4402
2,4403
3,4404
1,4405
1,4406
3,4407
3,4408
1,4409
1,4410
5,4411
1,4412
1,4413
2,4414
3,4415
1,4416
1,4417
2,4418
2,4419
31,4420
1,4421
2,4422
1,4423
4,4424
2,4425
10,4426
10,4427
1,4428
1,4429
1,4430
2,4431
1,4432
2,4433
1,4434
2,4435
1,4436
3,4437
1,4438
14,4439
2,4440
8,4441
1,4442
1,4443
1,4444
1,4445
1,4446
1,4447
1,4448
1,4449
1,4450
1,4451
2,4452
1,4453
2,4454
3,4455
1,4456
1,4457
3,4458
2,4459
1,4460
1,4461
2,4462
1,4463
1,4464
1,4465
1,4466
1,4467
1,4468
1,4469
1,4470
1,4471
1,4472
6,4473
1,4474
3,4475
1,4476
1,4477
1,4478
2,4479
1,4480
1,4481
1,4482
1,4483
1,4484
1,4485
1,4486
3,4487
5,4488
3,4489
2,4490
1,4491
2,4492
1,4493
1,4494
2,4495
1,4496
3,4497
1,4498
2,4499
2,4500
1,4501
1,4502
2,4503
1,4504
1,4505
1,4506
2,4507
1,4508
3,4509
1,4510
1,4511
2,4512
2,4513
5,4514
4,4515
2,4516
2,4517
1,4518
1,4519
1,4520
1,4521
1,4522
4,4523
1,4524
4,4525
1,4526
1,4527
7,4528
3,4529
6,4530
3,4531
1,4532
1,4533
1,4534
2,4535
2,4536
1,4537
3,4538
2,4539
1,4540
1,4541
3,4542
12,4543
2,4544
3,4545
1,4546
1,4547
2,4548
1,4549
1,4550
1,4551
1,4552
2,4553
2,4554
4,4555
4,4556
2,4557
1,4558
1,4559
1,4560
1,4561
1,4562
1,4563
1,4564
1,4565
1,4566
1,4567
1,4568
1,4569
4,4570
5,4571
1,4572
1,4573
1,4574
3,4575
2,4576
1,4577
4,4578
1,4579
1,4580
1,4581
1,4582
1,4583
1,4584
1,4585
1,4586
1,4587
1,4588
2,4589
1,4590
1,4591
5,4592
1,4593
1,4594
1,4595
1,4596
2,4597
2,4598
1,4599
1,4600
2,4601
2,4602
1,4603
1,4604
1,4605
1,4606
1,4607
1,4608
1,4609
1,4610
2,4611
1,4612
1,4613
1,4614
1,4615
2,4616
2,4617
1,4618
3,4619
1,4620
1,4621
1,4622
1,4623
1,4624
4,4625
2,4626
5,4627
4,4628
4,4629
4,4630
6,4631
2,4632
1,4633
1,4634
1,4635
1,4636
1,4637
1,4638
1,4639
5,4640
1,4641
2,4642
1,4643
1,4644
1,4645
1,4646
1,4647
1,4648
1,4649
7,4650
1,4651
1,4652
1,4653
1,4654
3,4655
1,4656
1,4657
1,4658
1,4659
1,4660
1,4661
1,4662
1,4663
1,4664
6,4665
1,4666
1,4667
1,4668
2,4669
2,4670
1,4671
3,4672
1,4673
1,4674
4,4675
1,4676
1,4677
1,4678
3,4679
1,4680
2,4681
2,4682
1,4683
2,4684
1,4685
1,4686
2,4687
1,4688
3,4689
1,4690
1,4691
1,4692
3,4693
1,4694
2,4695
1,4696
1,4697
1,4698
1,4699
1,4700
1,4701
5,4702
1,4703
1,4704
1,4705
5,4706
1,4707
1,4708
1,4709
1,4710
3,4711
2,4712
1,4713
1,4714
2,4715
3,4716
7,4717
4,4718
5,4719
2,4720
1,4721
1,4722
5,4723
1,4724
1,4725
8,4726
1,4727
1,4728
2,4729
1,4730
1,4731
3,4732
2,4733
2,4734
2,4735
4,4736
7,4737
1,4738
3,4739
3,4740
1,4741
1,4742
1,4743
1,4744
1,4745
1,4746
4,4747
4,4748
1,4749
1,4750
1,4751
1,4752
2,4753
1,4754
1,4755
1,4756
1,4757
1,4758
1,4759
1,4760
2,4761
1,4762
1,4763
2,4764
1,4765
1,4766
1,4767
1,4768
3,4769
1,4770
1,4771
1,4772
3,4773
1,4774
1,4775
3,4776
1,4777
3,4778
2,4779
6,4780
1,4781
1,4782
1,4783
1,4784
1,4785
1,4786
1,4787
1,4788
1,4789
2,4790
2,4791
2,4792
1,4793
1,4794
3,4795
1,4796
1,4797
1,4798
2,4799
1,4800
2,4801
1,4802
2,4803
2,4804
3,4805
2,4806
1,4807
1,4808
1,4809
2,4810
2,4811
1,4812
1,4813
3,4814
9,4815
1,4816
3,4817
1,4818
1,4819
1,4820
1,4821
3,4822
1,4823
2,4824
1,4825
2,4826
2,4827
4,4828
1,4829
1,4830
1,4831
2,4832
2,4833
2,4834
1,4835
1,4836
1,4837
1,4838
1,4839
2,4840
3,4841
1,4842
1,4843
2,4844
1,4845
2,4846
1,4847
1,4848
6,4849
1,4850
1,4851
1,4852
4,4853
1,4854
1,4855
1,4856
2,4857
1,4858
3,4859
3,4860
1,4861
1,4862
1,4863
1,4864
1,4865
1,4866
1,4867
2,4868
2,4869
1,4870
1,4871
2,4872
2,4873
1,4874
3,4875
1,4876
1,4877
1,4878
3,4879
3,4880
1,4881
2,4882
1,4883
3,4884
1,4885
5,4886
1,4887
1,4888
1,4889
1,4890
1,4891
3,4892
1,4893
2,4894
2,4895
3,4896
1,4897
1,4898
5,4899
3,4900
1,4901
1,4902
1,4903
1,4904
2,4905
1,4906
2,4907
2,4908
1,4909
2,4910
2,4911
3,4912
1,4913
1,4914
3,4915
2,4916
1,4917
2,4918
3,4919
1,4920
2,4921
3,4922
1,4923
3,4924
2,4925
1,4926
11,4927
3,4928
2,4929
3,4930
2,4931
3,4932
1,4933
7,4934
1,4935
1,4936
1,4937
1,4938
1,4939
1,4940
1,4941
4,4942
4,4943
3,4944
1,4945
1,4946
1,4947
4,4948
1,4949
1,4950
1,4951
1,4952
1,4953
1,4954
3,4955
1,4956
1,4957
2,4958
1,4959
1,4960
3,4961
1,4962
1,4963
1,4964
3,4965
2,4966
1,4967
7,4968
3,4969
2,4970
1,4971
1,4972
1,4973
1,4974
1,4975
2,4976
2,4977
1,4978
1,4979
1,4980
1,4981
3,4982
2,4983
3,4984
1,4985
1,4986
2,4987
2,4988
1,4989
1,4990
2,4991
1,4992
1,4993
1,4994
2,4995
1,4996
1,4997
3,4998
1,4999
3,5000
2,5001
2,5002
1,5003
1,5004
1,5005
1,5006
1,5007
1,5008
1,5009
1,5010
1,5011
3,5012
1,5013
1,5014
2,5015
1,5016
1,5017
1,5018
1,5019
1,5020
1,5021
1,5022
2,5023
2,5024
1,5025
2,5026
4,5027
4,5028
4,5029
1,5030
1,5031
2,5032
2,5033
1,5034
1,5035
1,5036
1,5037
1,5038
1,5039
1,5040
1,5041
1,5042
1,5043
2,5044
4,5045
4,5046
2,5047
3,5048
3,5049
1,5050
1,5051
1,5052
2,5053
1,5054
2,5055
2,5056
5,5057
1,5058
1,5059
1,5060
1,5061
1,5062
1,5063
1,5064
3,5065
2,5066
1,5067
2,5068
1,5069
3,5070
3,5071
1,5072
1,5073
1,5074
1,5075
1,5076
2,5077
4,5078
1,5079
1,5080
1,5081
1,5082
1,5083
2,5084
4,5085
2,5086
1,5087
1,5088
1,5089
2,5090
1,5091
1,5092
1,5093
1,5094
1,5095
1,5096
1,5097
2,5098
1,5099
1,5100
1,5101
1,5102
1,5103
1,5104
1,5105
1,5106
2,5107
1,5108
2,5109
4,5110
4,5111
1,5112
6,5113
5,5114
2,5115
2,5116
1,5117
1,5118
2,5119
2,5120
2,5121
2,5122
2,5123
1,5124
2,5125
1,5126
1,5127
1,5128
1,5129
1,5130
1,5131
1,5132
2,5133
1,5134
1,5135
1,5136
1,5137
1,5138
1,5139
1,5140
3,5141
3,5142
1,5143
1,5144
2,5145
4,5146
1,5147
1,5148
1,5149
1,5150
3,5151
1,5152
1,5153
3,5154
1,5155
2,5156
1,5157
4,5158
1,5159
2,5160
1,5161
1,5162
4,5163
1,5164
1,5165
2,5166
2,5167
2,5168
9,5169
5,5170
1,5171
2,5172
3,5173
1,5174
1,5175
1,5176
1,5177
1,5178
1,5179
1,5180
1,5181
3,5182
2,5183
2,5184
4,5185
6,5186
1,5187
1,5188
1,5189
6,5190
8,5191
2,5192
2,5193
1,5194
2,5195
1,5196
1,5197
1,5198
2,5199
12,5200
2,5201
1,5202
1,5203
1,5204
1,5205
1,5206
1,5207
1,5208
1,5209
1,5210
1,5211
1,5212
1,5213
1,5214
1,5215
5,5216
3,5217
2,5218
1,5219
1,5220
1,5221
1,5222
1,5223
1,5224
168,5225
1,5226
1,5227
1,5228
2,5229
3,5230
1,5231
2,5232
1,5233
3,5234
1,5235
1,5236
2,5237
1,5238
1,5239
4,5240
2,5241
1,5242
1,5243
1,5244
2,5245
1,5246
1,5247
1,5248
1,5249
1,5250
3,5251
1,5252
2,5253
1,5254
1,5255
1,5256
2,5257
3,5258
3,5259
6,5260
2,5261
2,5262
3,5263
2,5264
7,5265
2,5266
1,5267
3,5268
1,5269
1,5270
1,5271
1,5272
2,5273
3,5274
1,5275
1,5276
1,5277
2,5278
2,5279
1,5280
1,5281
2,5282
2,5283
1,5284
3,5285
1,5286
1,5287
2,5288
1,5289
1,5290
5,5291
2,5292
1,5293
6,5294
1,5295
2,5296
1,5297
1,5298
1,5299
1,5300
1,5301
2,5302
1,5303
16,5304
1,5305
1,5306
2,5307
3,5308
1,5309
1,5310
1,5311
2,5312
1,5313
1,5314
1,5315
4,5316
1,5317
1,5318
1,5319
1,5320
2,5321
1,5322
1,5323
4,5324
2,5325
2,5326
1,5327
4,5328
1,5329
1,5330
1,5331
1,5332
3,5333
2,5334
1,5335
1,5336
4,5337
1,5338
3,5339
1,5340
3,5341
3,5342
1,5343
1,5344
2,5345
5,5346
1,5347
1,5348
1,5349
1,5350
2,5351
7,5352
1,5353
1,5354
1,5355
2,5356
1,5357
1,5358
1,5359
1,5360
1,5361
1,5362
1,5363
1,5364
2,5365
2,5366
1,5367
2,5368
3,5369
1,5370
1,5371
2,5372
2,5373
1,5374
1,5375
1,5376
1,5377
1,5378
2,5379
1,5380
1,5381
1,5382
1,5383
1,5384
1,5385
2,5386
1,5387
4,5388
1,5389
1,5390
1,5391
1,5392
4,5393
2,5394
1,5395
1,5396
1,5397
1,5398
1,5399
3,5400
1,5401
1,5402
1,5403
1,5404
1,5405
4,5406
1,5407
1,5408
2,5409
2,5410
1,5411
1,5412
1,5413
1,5414
1,5415
1,5416
1,5417
1,5418
1,5419
1,5420
1,5421
2,5422
1,5423
1,5424
3,5425
1,5426
3,5427
1,5428
3,5429
3,5430
4,5431
2,5432
1,5433
1,5434
1,5435
1,5436
1,5437
1,5438
1,5439
1,5440
2,5441
1,5442
1,5443
2,5444
1,5445
1,5446
1,5447
2,5448
2,5449
2,5450
1,5451
4,5452
4,5453
1,5454
1,5455
1,5456
1,5457
1,5458
1,5459
1,5460
6,5461
1,5462
1,5463
1,5464
1,5465
1,5466
2,5467
2,5468
2,5469
1,5470
1,5471
1,5472
1,5473
1,5474
1,5475
2,5476
1,5477
1,5478
1,5479
1,5480
1,5481
1,5482
1,5483
1,5484
1,5485
1,5486
7,5487
3,5488
2,5489
3,5490
3,5491
1,5492
1,5493
1,5494
1,5495
1,5496
3,5497
2,5498
4,5499
1,5500
1,5501
5,5502
1,5503
1,5504
2,5505
2,5506
1,5507
2,5508
1,5509
2,5510
411,5511
2,5512
1,5513
4,5514
3,5515
12,5516
1,5517
2,5518
5,5519
1,5520
2,5521
1,5522
1,5523
1,5524
1,5525
2,5526
1,5527
1,5528
1,5529
1,5530
3,5531
1,5532
1,5533
1,5534
1,5535
1,5536
1,5537
1,5538
1,5539
2,5540
2,5541
2,5542
2,5543
1,5544
1,5545
3,5546
1,5547
1,5548
1,5549
1,5550
1,5551
3,5552
14,5553
1,5554
2,5555
3,5556
1,5557
1,5558
1,5559
1,5560
5,5561
1,5562
1,5563
3,5564
1,5565
1,5566
1,5567
1,5568
1,5569
2,5570
1,5571
1,5572
1,5573
1,5574
1,5575
1,5576
1,5577
2,5578
1,5579
1,5580
1,5581
1,5582
1,5583
1,5584
2,5585
1,5586
1,5587
3,5588
1,5589
3,5590
1,5591
1,5592
1,5593
1,5594
1,5595
1,5596
1,5597
1,5598
1,5599
1,5600
1,5601
1,5602
1,5603
1,5604
3,5605
1,5606
1,5607
1,5608
1,5609
1,5610
1,5611
4,5612
3,5613
1,5614
1,5615
1,5616
1,5617
1,5618
2,5619
1,5620
1,5621
3,5622
1,5623
1,5624
2,5625
8,5626
1,5627
1,5628
2,5629
1,5630
4,5631
1,5632
2,5633
1,5634
1,5635
1,5636
4,5637
1,5638
1,5639
1,5640
1,5641
1,5642
3,5643
1,5644
2,5645
1,5646
1,5647
1,5648
2,5649
1,5650
3,5651
2,5652
1,5653
1,5654
2,5655
1,5656
1,5657
1,5658
4,5659
1,5660
1,5661
4,5662
1,5663
1,5664
1,5665
1,5666
1,5667
2,5668
1,5669
1,5670
1,5671
2,5672
1,5673
1,5674
2,5675
2,5676
1,5677
1,5678
1,5679
1,5680
1,5681
2,5682
8,5683
1,5684
1,5685
1,5686
1,5687
1,5688
1,5689
1,5690
1,5691
1,5692
1,5693
3,5694
2,5695
1,5696
2,5697
1,5698
1,5699
1,5700
1,5701
3,5702
1,5703
2,5704
2,5705
4,5706
2,5707
4,5708
1,5709
1,5710
1,5711
1,5712
2,5713
1,5714
1,5715
1,5716
2,5717
2,5718
2,5719
3,5720
4,5721
5,5722
1,5723
1,5724
2,5725
1,5726
1,5727
1,5728
1,5729
1,5730
1,5731
1,5732
2,5733
2,5734
2,5735
1,5736
1,5737
1,5738
1,5739
1,5740
1,5741
2,5742
2,5743
1,5744
1,5745
3,5746
1,5747
1,5748
1,5749
1,5750
2,5751
1,5752
1,5753
2,5754
1,5755
1,5756
1,5757
1,5758
1,5759
2,5760
2,5761
3,5762
2,5763
1,5764
1,5765
1,5766
1,5767
1,5768
2,5769
2,5770
1,5771
2,5772
3,5773
1,5774
1,5775
1,5776
1,5777
1,5778
1,5779
1,5780
3,5781
1,5782
1,5783
1,5784
1,5785
3,5786
1,5787
1,5788
2,5789
3,5790
1,5791
1,5792
1,5793
1,5794
2,5795
1,5796
1,5797
1,5798
3,5799
3,5800
1,5801
1,5802
1,5803
1,5804
2,5805
1,5806
2,5807
2,5808
1,5809
1,5810
1,5811
1,5812
1,5813
1,5814
1,5815
3,5816
1,5817
2,5818
1,5819
1,5820
2,5821
1,5822
2,5823
2,5824
2,5825
1,5826
1,5827
1,5828
1,5829
1,5830
1,5831
1,5832
1,5833
1,5834
1,5835
1,5836
1,5837
1,5838
3,5839
1,5840
2,5841
1,5842
1,5843
1,5844
1,5845
1,5846
2,5847
3,5848
1,5849
2,5850
1,5851
1,5852
4,5853
3,5854
2,5855
1,5856
1,5857
1,5858
1,5859
2,5860
2,5861
3,5862
1,5863
1,5864
2,5865
2,5866
1,5867
1,5868
1,5869
1,5870
1,5871
1,5872
1,5873
1,5874
1,5875
2,5876
3,5877
1,5878
3,5879
4,5880
2,5881
1,5882
1,5883
1,5884
1,5885
1,5886
1,5887
1,5888
1,5889
1,5890
1,5891
1,5892
1,5893
1,5894
1,5895
1,5896
1,5897
1,5898
1,5899
1,5900
1,5901
1,5902
1,5903
1,5904
2,5905
1,5906
1,5907
1,5908
2,5909
1,5910
1,5911
1,5912
1,5913
1,5914
2,5915
2,5916
2,5917
4,5918
3,5919
1,5920
1,5921
2,5922
1,5923
1,5924
1,5925
5,5926
4,5927
1,5928
1,5929
1,5930
1,5931
1,5932
1,5933
1,5934
1,5935
1,5936
1,5937
1,5938
1,5939
1,5940
2,5941
1,5942
1,5943
1,5944
2,5945
1,5946
1,5947
3,5948
1,5949
1,5950
1,5951
1,5952
1,5953
1,5954
1,5955
1,5956
1,5957
2,5958
2,5959
1,5960
1,5961
3,5962
1,5963
1,5964
1,5965
1,5966
1,5967
1,5968
1,5969
1,5970
2,5971
1,5972
1,5973
1,5974
1,5975
1,5976
1,5977
1,5978
3,5979
1,5980
2,5981
2,5982
1,5983
2,5984
2,5985
1,5986
3,5987
2,5988
1,5989
1,5990
1,5991
1,5992
1,5993
1,5994
1,5995
3,5996
3,5997
1,5998
2,5999
1,6000
1,6001
1,6002
3,6003
1,6004
1,6005
3,6006
1,6007
1,6008
1,6009
1,6010
1,6011
1,6012
1,6013
1,6014
1,6015
1,6016
1,6017
1,6018
1,6019
1,6020
1,6021
2,6022
2,6023
1,6024
1,6025
1,6026
1,6027
1,6028
1,6029
1,6030
1,6031
1,6032
1,6033
1,6034
1,6035
1,6036
3,6037
1,6038
1,6039
1,6040
1,6041
1,6042
1,6043
1,6044
1,6045
1,6046
1,6047
1,6048
1,6049
1,6050
1,6051
1,6052
1,6053
2,6054
1,6055
1,6056
1,6057
1,6058
1,6059
7,6060
2,6061
1,6062
2,6063
10,6064
2,6065
1,6066
1,6067
1,6068
1,6069
1,6070
1,6071
1,6072
1,6073
2,6074
1,6075
1,6076
2,6077
1,6078
1,6079
1,6080
1,6081
1,6082
1,6083
1,6084
3,6085
1,6086
2,6087
2,6088
3,6089
1,6090
1,6091
1,6092
1,6093
1,6094
1,6095
1,6096
1,6097
1,6098
1,6099
1,6100
1,6101
1,6102
1,6103
1,6104
1,6105
1,6106
1,6107
2,6108
1,6109
1,6110
1,6111
1,6112
1,6113
1,6114
1,6115
1,6116
1,6117
1,6118
1,6119
2,6120
2,6121
2,6122
1,6123
1,6124
1,6125
1,6126
1,6127
1,6128
1,6129
1,6130
1,6131
1,6132
1,6133
1,6134
1,6135
1,6136
1,6137
1,6138
1,6139
1,6140
1,6141
1,6142
1,6143
1,6144
3,6145
1,6146
2,6147
2,6148
1,6149
1,6150
1,6151
1,6152
1,6153
1,6154
1,6155
1,6156
1,6157
1,6158
1,6159
1,6160
1,6161
1,6162
1,6163
1,6164
1,6165
3,6166
1,6167
1,6168
3,6169
1,6170
3,6171
2,6172
1,6173
1,6174
1,6175
1,6176
1,6177
1,6178
1,6179
1,6180
2,6181
2,6182
1,6183
1,6184
2,6185
1,6186
1,6187
1,6188
1,6189
1,6190
1,6191
1,6192
2,6193
1,6194
1,6195
1,6196
1,6197
1,6198
1,6199
1,6200
1,6201
1,6202
3,6203
1,6204
2,6205
1,6206
1,6207
1,6208
1,6209
1,6210
1,6211
1,6212
1,6213
1,6214
1,6215
1,6216
1,6217
1,6218
1,6219
1,6220
1,6221
1,6222
1,6223
1,6224
1,6225
1,6226
1,6227
2,6228
1,6229
1,6230
2,6231
1,6232
1,6233
2,6234
1,6235
1,6236
3,6237
1,6238
1,6239
1,6240
1,6241
1,6242
1,6243
1,6244
2,6245
1,6246
1,6247
1,6248
1,6249
2,6250
1,6251
1,6252
1,6253
2,6254
1,6255
1,6256
1,6257
2,6258
2,6259
2,6260
1,6261
2,6262
1,6263
1,6264
1,6265
1,6266
1,6267
1,6268
1,6269
1,6270
1,6271
1,6272
1,6273
1,6274
4,6275
1,6276
2,6277
1,6278
1,6279
3,6280
1,6281
1,6282
1,6283
1,6284
1,6285
2,6286
1,6287
1,6288
1,6289
1,6290
2,6291
1,6292
2,6293
2,6294
1,6295
1,6296
1,6297
1,6298
1,6299
2,6300
1,6301
1,6302
1,6303
1,6304
1,6305
1,6306
2,6307
1,6308
1,6309
1,6310
1,6311
1,6312
1,6313
1,6314
1,6315
1,6316
2,6317
2,6318
2,6319
2,6320
2,6321
1,6322
1,6323
1,6324
2,6325
1,6326
1,6327
3,6328
1,6329
1,6330
1,6331
1,6332
4,6333
1,6334
2,6335
1,6336
1,6337
1,6338
1,6339
1,6340
1,6341
1,6342
1,6343
1,6344
2,6345
2,6346
2,6347
1,6348
1,6349
1,6350
1,6351
1,6352
1,6353
1,6354
1,6355
1,6356
1,6357
1,6358
1,6359
1,6360
1,6361
1,6362
1,6363
1,6364
2,6365
1,6366
1,6367
2,6368
3,6369
2,6370
1,6371
8,6372
7,6373
1,6374
1,6375
1,6376
1,6377
1,6378
1,6379
1,6380
1,6381
2,6382
1,6383
1,6384
1,6385
1,6386
1,6387
1,6388
1,6389
1,6390
3,6391
3,6392
1,6393
1,6394
1,6395
1,6396
1,6397
1,6398
1,6399
1,6400
1,6401
1,6402
1,6403
1,6404
1,6405
1,6406
1,6407
1,6408
1,6409
1,6410
1,6411
21,6412
4,6413
1,6414
1,6415
2,6416
1,6417
5,6418
1,6419
1,6420
1,6421
1,6422
1,6423
1,6424
1,6425
1,6426
1,6427
1,6428
1,6429
1,6430
1,6431
2,6432
1,6433
1,6434
1,6435
1,6436
1,6437
1,6438
1,6439
1,6440
2,6441
1,6442
1,6443
1,6444
1,6445
1,6446
1,6447
1,6448
1,6449
1,6450
1,6451
1,6452
1,6453
1,6454
1,6455
1,6456
2,6457
3,6458
1,6459
1,6460
3,6461
2,6462
1,6463
1,6464
2,6465
1,6466
1,6467
1,6468
1,6469
1,6470
1,6471
1,6472
1,6473
2,6474
1,6475
1,6476
1,6477
1,6478
1,6479
1,6480
2,6481
1,6482
2,6483
1,6484
1,6485
1,6486
1,6487
2,6488
1,6489
1,6490
1,6491
2,6492
3,6493
1,6494
2,6495
1,6496
1,6497
1,6498
1,6499
1,6500
1,6501
5,6502
1,6503
1,6504
1,6505
1,6506
2,6507
1,6508
1,6509
2,6510
2,6511
2,6512
1,6513
1,6514
1,6515
1,6516
1,6517
1,6518
1,6519
1,6520
1,6521
1,6522
1,6523
1,6524
1,6525
2,6526
1,6527
1,6528
1,6529
1,6530
1,6531
1,6532
1,6533
1,6534
1,6535
1,6536
1,6537
1,6538
1,6539
1,6540
1,6541
1,6542
1,6543
1,6544
1,6545
1,6546
1,6547
1,6548
2,6549
1,6550
1,6551
1,6552
1,6553
1,6554
1,6555
1,6556
2,6557
1,6558
1,6559
1,6560
1,6561
1,6562
1,6563
3,6564
1,6565
1,6566
3,6567
1,6568
1,6569
2,6570
2,6571
2,6572
1,6573
2,6574
1,6575
2,6576
1,6577
1,6578
1,6579
1,6580
1,6581
1,6582
1,6583
1,6584
1,6585
1,6586
1,6587
1,6588
1,6589
2,6590
1,6591
1,6592
1,6593
1,6594
1,6595
1,6596
2,6597
1,6598
1,6599
1,6600
1,6601
1,6602
1,6603
1,6604
1,6605
1,6606
1,6607
1,6608
1,6609
2,6610
1,6611
1,6612
1,6613
1,6614
1,6615
2,6616
1,6617
1,6618
1,6619
1,6620
1,6621
1,6622
1,6623
1,6624
1,6625
1,6626
1,6627
1,6628
1,6629
1,6630
1,6631
1,6632
1,6633
1,6634
1,6635
1,6636
1,6637
1,6638
1,6639
1,6640
2,6641
1,6642
1,6643
1,6644
1,6645
1,6646
1,6647
1,6648
1,6649
1,6650
1,6651
1,6652
1,6653
1,6654
2,6655
1,6656
2,6657
2,6658
1,6659
1,6660
1,6661
1,6662
1,6663
1,6664
2,6665
1,6666
2,6667
1,6668
1,6669
1,6670
1,6671
1,6672
1,6673
1,6674
1,6675
1,6676
1,6677
1,6678
1,6679
1,6680
3,6681
1,6682
1,6683
2,6684
2,6685
1,6686
1,6687
1,6688
1,6689
1,6690
1,6691
1,6692
1,6693
1,6694
1,6695
1,6696
1,6697
1,6698
1,6699
1,6700
1,6701
1,6702
3,6703
3,6704
1,6705
1,6706
1,6707
2,6708
1,6709
1,6710
1,6711
1,6712
1,6713
1,6714
1,6715
1,6716
1,6717
1,6718
1,6719
1,6720
1,6721
2,6722
2,6723
1,6724
1,6725
1,6726
2,6727
1,6728
1,6729
1,6730
1,6731
1,6732
1,6733
1,6734
1,6735
1,6736
2,6737
1,6738
1,6739
1,6740
1,6741
1,6742
1,6743
1,6744
1,6745
1,6746
1,6747
3,6748
3,6749
3,6750
1,6751
1,6752
1,6753
2,6754
1,6755
1,6756
1,6757
1,6758
1,6759
1,6760
1,6761
1,6762
1,6763
1,6764
1,6765
1,6766
1,6767
1,6768
1,6769
1,6770
1,6771
1,6772
1,6773
1,6774
1,6775
1,6776
1,6777
1,6778
1,6779
4,6780
1,6781
1,6782
1,6783
1,6784
1,6785
1,6786
3,6787
1,6788
1,6789
1,6790
1,6791
1,6792
1,6793
1,6794
1,6795
1,6796
1,6797
1,6798
3,6799
1,6800
1,6801
1,6802
1,6803
1,6804
2,6805
2,6806
1,6807
1,6808
1,6809
1,6810
1,6811
1,6812
1,6813
1,6814
1,6815
1,6816
1,6817
1,6818
1,6819
1,6820
1,6821
1,6822
1,6823
1,6824
1,6825
1,6826
1,6827
1,6828
1,6829
1,6830
1,6831
2,6832
1,6833
1,6834
1,6835
1,6836
1,6837
1,6838
3,6839
1,6840
1,6841
1,6842
1,6843
1,6844
2,6845
1,6846
1,6847
1,6848
1,6849
1,6850
1,6851
1,6852
1,6853
1,6854
1,6855
1,6856
1,6857
1,6858
1,6859
2,6860
1,6861
2,6862
1,6863
1,6864
1,6865
1,6866
1,6867
1,6868
1,6869
1,6870
1,6871
1,6872
1,6873
1,6874
1,6875
1,6876
1,6877
1,6878
1,6879
1,6880
1,6881
1,6882
1,6883
1,6884
1,6885
1,6886
1,6887
1,6888
1,6889
1,6890
1,6891
1,6892
1,6893
1,6894
1,6895
1,6896
1,6897
1,6898
1,6899
1,6900
1,6901
1,6902
1,6903
1,6904
1,6905
1,6906
1,6907
1,6908
2,6909
2,6910
1,6911
1,6912
1,6913
1,6914
1,6915
1,6916
1,6917
1,6918
1,6919
1,6920
1,6921
1,6922
1,6923
1,6924
1,6925
1,6926
1,6927
1,6928
1,6929
2,6930
1,6931
1,6932
2,6933
1,6934
1,6935
1,6936
1,6937
1,6938
1,6939
1,6940
1,6941
1,6942
1,6943
1,6944
1,6945
1,6946
1,6947
1,6948
1,6949
1,6950
1,6951
1,6952
1,6953
1,6954
1,6955
1,6956
1,6957
1,6958
1,6959
1,6960
2,6961
1,6962
1,6963
6,6964
1,6965
1,6966
1,6967
1,6968
1,6969
1,6970
1,6971
1,6972
1,6973
2,6974
1,6975
1,6976
1,6977
1,6978
1,6979
1,6980
1,6981
1,6982
1,6983
1,6984
1,6985
1,6986
1,6987
1,6988
2,6989
1,6990
1,6991
1,6992
1,6993
1,6994
1,6995
1,6996
1,6997
1,6998
1,6999
1,7000
1,7001
1,7002
1,7003
1,7004
1,7005
1,7006
1,7007
1,7008
2,7009
2,7010
3,7011
1,7012
2,7013
1,7014
1,7015
2,7016
1,7017
2,7018
1,7019
1,7020
2,7021
1,7022
1,7023
1,7024
1,7025
1,7026
1,7027
1,7028
1,7029
2,7030
1,7031
1,7032
1,7033
1,7034
1,7035
1,7036
1,7037
1,7038
1,7039
1,7040
1,7041
1,7042
2,7043
1,7044
1,7045
1,7046
2,7047
1,7048
1,7049
1,7050
2,7051
1,7052
1,7053
2,7054
1,7055
1,7056
1,7057
1,7058
1,7059
